9 0.138162 0.124412 0.124745 0.0675369 0.000651983 0.00272221 6.77455e-05 0.00108796
8 0.326954 0.320925 0.303624 0.289921 0.00154204 0.00541961 0.00019896 0.00315442
7 0.128267 0.124848 0.11222 0.130076 0.00114591 0.00451297 0.000167515 0.00273912
6 0.668788 0.672258 0.634513 0.634157 0.00253057 0.00954479 0.000506194 0.00516916
5 0.0470432 0.0335734 0.0313362 0.0223732 0.000275444 0.000755222 3.03773e-05 0.00011703
1 0.550699 0.418736 0.377047 0.374638 0.00169489 0.00649682 0.000520016 0.00324091
0 0.190943 0.178405 0.16679 0.162727 0.00131093 0.00452638 0.000175597 0.00256895
2 0.640715 0.600164 0.551432 0.434804 0.00130068 0.00645452 0.000231357 0.00323976
3 0.279267 0.242437 0.220928 0.204675 0.00136314 0.00522975 0.000176947 0.00267766
4 0.0893567 0.0774772 0.0685525 0.0675284 0.000604913 0.00238753 5.79966e-05 0.000702363
